000000100100
000000100001
000000111010
000001001011
000001001101
000010011010
000010111011
000010111100
000001001101
000011010111
000011110110
000011110111
000001001101
000011111011
000100010001
000000111010
000001001011
000001100100
000001100101
000000111010
000001001011
000001100101
000000111010
000001001011
000100011101
000100110100
000000111010
000001001011
000100110101
000101001001
000101001010
000000111010
000001001011
000101001110
000000111010
000001001011
000100011101
000100110110
000101100000
000000111010
000001001011
000101100001
000101110101
000101110110
000000111010
000001001011
000101111010
000100011101
000100110110
000101100010
000000100001
000100011100
000110010100
000001001110
000110011111
000000100000
000000101001
000000101011
000000100110
000000101011
