000000000011
000000001011
000000010110
000000000101
000000011001
000000000100
000000000010
000000000101
000001111011
000000000100
000000000010
000000000101
000010110110
000000001000
000000000100
000011100011
000011010010
000010111001
000010111000
000011100100
000011010011
000010111001
000011111100
000011101011
000000011001
000000000010
000011111101
000011101100
000000000010
000000000010
000000000101
000100011100
000100001011
000000001000
000100101000
000100010111
000001000101
000000101100
000000000010
000100101001
000100011000
000000000010
000000000010
000000000101
000101001000
000100110111
000000001000
000001111000
000001011111
000000110011
000101111110
000010000011
000000001011
000101010011
000000000010
000110101100
000111010100
111111011110
111111111010
111111111100
