000001001011
000001100110
000010000010
000010000101
000010000111
000010000011
000010010101
000001001011
000001100111
000010100001
000010111100
000001011000
000011100010
000011111101
000001011001
000100101100
000100101111
000100110001
000100101101
000101010111
000101011001
000101100001
000010001011
000010011011
000100000001
000100011110
000100100001
000100110101
000101011100
000101011111
000010010010
000010011111
000011000000
000011011101
000011100000
000100111100
000101100101
000101101000
000010001110
000010011000
000100111000
000101110110
000110000100
000110010010
000110100000
000110111010
000110111011
000110111101
000110111000
000110111110
000111101101
000111101011
000111110000
000111101110
000111110001
001000011000
001000101101
001000101111
001000011010
