000000001111
000000000010
000000000010
000000000111
000000001000
000000010000
000000000111
000001010101
000000111001
000000100000
000000100010
000010001001
000000100000
000000100010
000011001001
000000000010
000000000111
000000001000
000000010000
000000000110
000000000111
000000000101
000011011110
000011001110
000001101000
000001001011
000001001000
000000110100
000000001101
000000001010
000011100101
000011011000
000010110111
000010011010
000010010111
000000111011
000000010010
000000001111
000011110111
000011101101
000001001101
000000101011
000000011101
000000001111
000000000001
000000000010
000000000100
000000000010
000000011101
000000010111
000000000010
000000000111
000000000010
000000011001
000000010110
000000000011
000000000011
110111101001
111000010100
