000000010000
000000000010
000000000010
000000000100
000000001010
000000000101
000000111101
000000011111
000000111011
000001000110
000000000010
000000000101
000000001010
000000000100
000000001101
000000000101
000000011000
000000001111
000001100000
000001010110
000000111011
000001101010
000001100001
000001010101
000000101011
000000011101
000000001111
000000000001
000000000010
000000000111
000000000010
000000001111
000000001100
000000000010
000000000111
000000000010
000000001110
000000001011
000000000011
000000000011
111010110101
111011100000
