000001001011
000001101000
000001110100
000001110111
000001110101
000010000000
000001001011
000001101001
000001011001
000001011010
000010101010
000010101101
000010101011
000010110110
000010110001
000010111001
000010110100
000010111101
000001111010
000010000100
000010011111
000001111110
000010000111
000010010011
000011001011
000011011001
000011100111
000011110101
000100001111
000100001101
000100010010
000100010000
000100010011
000100101100
000100101010
000100101111
000100101101
000100110000
000101001100
000101100001
000101100011
000101001110
